# Nota: C-Order, 1 refers to the Y axis, 2 to the X axis 
# Calibration done at Sat Apr 21 08:13:09 2018
PixelSize1: 0.0002
PixelSize2: 0.0002
Distance: 0.606062641334
Poni1: 0.296139906676
Poni2: 0.199384098787
Rot1: -0.532901183893
Rot2: -0.00429729213133
Rot3: 2.34471473744e-07
Wavelength: 4.246e-11
